0	0.16667	0.70833	0.125	0	0	0	0	0
0.01	0.1215	0.71246	0.16597	6.6667e-05	0	0	0	0
0.02	0.085333	0.70133	0.2128	0.00053333	0	0	0	0
0.03	0.057167	0.67721	0.26383	0.0018	0	0	0	0
0.04	0.036	0.64233	0.3174	0.0042667	0	0	0	0
0.05	0.020833	0.59896	0.37188	0.0083333	0	0	0	0
0.06	0.010667	0.54933	0.4256	0.0144	0	0	0	0
0.07	0.0045	0.49571	0.47692	0.022867	0	0	0	0
0.08	0.0013333	0.44033	0.5242	0.034133	0	0	0	0
0.09	0.00016667	0.38546	0.56578	0.0486	0	0	0	0
0.1	0	0.33333	0.6	0.066667	0	0	0	0
0.11	0	0.28579	0.6256	0.08859	1.7857e-05	0	0	0
0.12	0	0.243	0.6428	0.11406	0.00014286	0	0	0
0.13	0	0.20471	0.6522	0.14261	0.00048214	0	0	0
0.14	0	0.17067	0.6544	0.17379	0.0011429	0	0	0
0.15	0	0.14062	0.65	0.20714	0.0022321	0	0	0
0.16	0	0.11433	0.6396	0.24221	0.0038571	0	0	0
0.17	0	0.091542	0.6238	0.27853	0.006125	0	0	0
0.18	0	0.072	0.6032	0.31566	0.0091429	0	0	0
0.19	0	0.055458	0.5784	0.35312	0.013018	0	0	0
0.2	0	0.041667	0.55	0.39048	0.017857	0	0	0
0.21	0	0.030375	0.5186	0.42726	0.023768	0	0	0
0.22	0	0.021333	0.4848	0.46301	0.030857	0	0	0
0.23	0	0.014292	0.4492	0.49728	0.039232	0	0	0
0.24	0	0.009	0.4124	0.5296	0.049	0	0	0
0.25	0	0.0052083	0.375	0.55952	0.060268	0	0	0
0.26	0	0.0026667	0.3376	0.58659	0.073143	0	0	0
0.27	0	0.001125	0.3008	0.61034	0.087732	0	0	0
0.28	0	0.00033333	0.2652	0.63032	0.10414	0	0	0
0.29	0	4.1667e-05	0.2314	0.64608	0.12248	0	0	0
0.3	0	0	0.2	0.65714	0.14286	0	0	0
0.31	0	0	0.17148	0.6632	0.16531	1.4286e-05	0	0
0.32	0	0	0.1458	0.66446	0.18963	0.00011429	0	0
0.33	0	0	0.12282	0.66126	0.21553	0.00038571	0	0
0.34	0	0	0.1024	0.65394	0.24274	0.00091429	0	0
0.35	0	0	0.084375	0.64286	0.27098	0.0017857	0	0
0.36	0	0	0.0686	0.62834	0.29997	0.0030857	0	0
0.37	0	0	0.054925	0.61074	0.32943	0.0049	0	0
0.38	0	0	0.0432	0.5904	0.35909	0.0073143	0	0
0.39	0	0	0.033275	0.56766	0.38865	0.010414	0	0
0.4	0	0	0.025	0.54286	0.41786	0.014286	0	0
0.41	0	0	0.018225	0.51634	0.44642	0.019014	0	0
0.42	0	0	0.0128	0.48846	0.47406	0.024686	0	0
0.43	0	0	0.008575	0.45954	0.5005	0.031386	0	0
0.44	0	0	0.0054	0.42994	0.52546	0.0392	0	0
0.45	0	0	0.003125	0.4	0.54866	0.048214	0	0
0.46	0	0	0.0016	0.37006	0.56983	0.058514	0	0
0.47	0	0	0.000675	0.34046	0.58868	0.070186	0	0
0.48	0	0	0.0002	0.31154	0.60494	0.083314	0	0
0.49	0	0	2.5e-05	0.28366	0.61833	0.097986	0	0
0.5	0	0	0	0.25714	0.62857	0.11429	0	0
0.51	0	0	0	0.23228	0.63546	0.13226	1.1111e-05	0
0.52	0	0	0	0.20907	0.63909	0.15176	8.8889e-05	0
0.53	0	0	0	0.18746	0.63963	0.17261	0.0003	0
0.54	0	0	0	0.16739	0.63726	0.19464	0.00071111	0
0.55	0	0	0	0.14881	0.63214	0.21766	0.0013889	0
0.56	0	0	0	0.13166	0.62446	0.24149	0.0024	0
0.57	0	0	0	0.11588	0.61437	0.26594	0.0038111	0
0.58	0	0	0	0.10141	0.60206	0.29084	0.0056889	0
0.59	0	0	0	0.0882	0.58769	0.31601	0.0081	0
0.6	0	0	0	0.07619	0.57143	0.34127	0.011111	0
0.61	0	0	0	0.065324	0.55346	0.36643	0.014789	0
0.62	0	0	0	0.055543	0.53394	0.39131	0.0192	0
0.63	0	0	0	0.04679	0.51306	0.41574	0.024411	0
0.64	0	0	0	0.03901	0.49097	0.43953	0.030489	0
0.65	0	0	0	0.032143	0.46786	0.4625	0.0375	0
0.66	0	0	0	0.026133	0.44389	0.48447	0.045511	0
0.67	0	0	0	0.020924	0.41923	0.50526	0.054589	0
0.68	0	0	0	0.016457	0.39406	0.52469	0.0648	0
0.69	0	0	0	0.012676	0.36854	0.54257	0.076211	0
0.7	0	0	0	0.0095238	0.34286	0.55873	0.088889	0
0.71	0	0	0	0.0069429	0.31717	0.57299	0.1029	0
0.72	0	0	0	0.0048762	0.29166	0.58516	0.11831	0
0.73	0	0	0	0.0032667	0.26649	0.59506	0.13519	0
0.74	0	0	0	0.0020571	0.24183	0.60251	0.1536	0
0.75	0	0	0	0.0011905	0.21786	0.60734	0.17361	0
0.76	0	0	0	0.00060952	0.19474	0.60936	0.19529	0
0.77	0	0	0	0.00025714	0.17266	0.60839	0.2187	0
0.78	0	0	0	7.619e-05	0.15177	0.60424	0.24391	0
0.79	0	0	0	9.5238e-06	0.13226	0.59674	0.27099	0
0.8	0	0	0	0	0.11429	0.58571	0.3	0
0.81	0	0	0	0	0.097986	0.57106	0.33091	4.1667e-05
0.82	0	0	0	0	0.083314	0.55304	0.36331	0.00033333
0.83	0	0	0	0	0.070186	0.53201	0.39667	0.001125
0.84	0	0	0	0	0.058514	0.50833	0.43049	0.0026667
0.85	0	0	0	0	0.048214	0.48234	0.46424	0.0052083
0.86	0	0	0	0	0.0392	0.4544	0.4974	0.009
0.87	0	0	0	0	0.031386	0.42486	0.52946	0.014292
0.88	0	0	0	0	0.024686	0.39407	0.55991	0.021333
0.89	0	0	0	0	0.019014	0.36239	0.58822	0.030375
0.9	0	0	0	0	0.014286	0.33016	0.61389	0.041667
0.91	0	0	0	0	0.010414	0.29774	0.63639	0.055458
0.92	0	0	0	0	0.0073143	0.26549	0.6552	0.072
0.93	0	0	0	0	0.0049	0.23374	0.66981	0.091542
0.94	0	0	0	0	0.0030857	0.20287	0.67971	0.11433
0.95	0	0	0	0	0.0017857	0.17321	0.68438	0.14062
0.96	0	0	0	0	0.00091429	0.14513	0.68329	0.17067
0.97	0	0	0	0	0.00038571	0.11897	0.67594	0.20471
0.98	0	0	0	0	0.00011429	0.095086	0.6618	0.243
0.99	0	0	0	0	1.4286e-05	0.07383	0.64036	0.28579
1	0	0	0	0	0	0.055556	0.61111	0.33333
