0	0	-1.8341e-16	9.6724e-16	-4.9064e-16
0.05236	0.13938	-1.1595e-16	-0.15451	0.13938
0.10472	0.18164	-5.3259e-17	-0.29389	0.18164
0.15708	0.07102	3.7897e-18	-0.40451	0.07102
0.20944	-0.18164	5.446e-17	-0.47553	-0.18164
0.2618	-0.5	9.8163e-17	-0.5	-0.5
0.31416	-0.76942	1.3446e-16	-0.47553	-0.76942
0.36652	-0.88004	1.631e-16	-0.40451	-0.88004
0.41888	-0.76942	1.8396e-16	-0.29389	-0.76942
0.47124	-0.4484	1.9713e-16	-0.15451	-0.4484
0.5236	-1.837e-16	2.0283e-16	-7.1054e-16	-8.8818e-16
0.57596	0.4484	2.0146e-16	0.15451	0.4484
0.62832	0.76942	1.9354e-16	0.29389	0.76942
0.68068	0.88004	1.7974e-16	0.40451	0.88004
0.73304	0.76942	1.6083e-16	0.47553	0.76942
0.7854	0.5	1.3769e-16	0.5	0.5
0.83776	0.18164	1.1124e-16	0.47553	0.18164
0.89012	-0.07102	8.2474e-17	0.40451	-0.07102
0.94248	-0.18164	5.2404e-17	0.29389	-0.18164
0.99484	-0.13938	2.204e-17	0.15451	-0.13938
1.0472	-1.2246e-16	-7.6344e-18	7.1054e-16	-4.885e-16
1.0996	0.13938	-3.5678e-17	-0.15451	0.13938
1.1519	0.18164	-6.1221e-17	-0.29389	0.18164
1.2043	0.07102	-8.3478e-17	-0.40451	0.07102
1.2566	-0.18164	-1.0177e-16	-0.47553	-0.18164
1.309	-0.5	-1.1554e-16	-0.5	-0.5
1.3614	-0.76942	-1.2436e-16	-0.47553	-0.76942
1.4137	-0.88004	-1.2793e-16	-0.40451	-0.88004
1.4661	-0.76942	-1.261e-16	-0.29389	-0.76942
1.5184	-0.4484	-1.1888e-16	-0.15451	-0.4484
1.5708	-5.5109e-16	-1.064e-16	-7.5733e-16	-1.5356e-15
1.6232	0.4484	-8.8931e-17	0.15451	0.4484
1.6755	0.76942	-6.6868e-17	0.29389	0.76942
1.7279	0.88004	-4.0726e-17	0.40451	0.88004
1.7802	0.76942	-1.1113e-17	0.47553	0.76942
1.8326	0.5	2.1279e-17	0.5	0.5
1.885	0.18164	5.5695e-17	0.47553	0.18164
1.9373	-0.07102	9.1339e-17	0.40451	-0.07102
1.9897	-0.18164	1.2739e-16	0.29389	-0.18164
2.042	-0.13938	1.6304e-16	0.15451	-0.13938
2.0944	-2.4493e-16	1.9748e-16	8.5857e-16	-3.5527e-16
2.1468	0.13938	2.2995e-16	-0.15451	0.13938
2.1991	0.18164	2.5977e-16	-0.29389	0.18164
2.2515	0.07102	2.8631e-16	-0.40451	0.07102
2.3038	-0.18164	3.0904e-16	-0.47553	-0.18164
2.3562	-0.5	3.2753e-16	-0.5	-0.5
2.4086	-0.76942	3.4148e-16	-0.47553	-0.76942
2.4609	-0.88004	3.5069e-16	-0.40451	-0.88004
2.5133	-0.76942	3.5509e-16	-0.29389	-0.76942
2.5656	-0.4484	3.5473e-16	-0.15451	-0.4484
2.618	-2.6948e-15	3.4978e-16	-3.2567e-16	-1.7764e-15
2.6704	0.4484	3.4052e-16	0.15451	0.4484
2.7227	0.76942	3.2733e-16	0.29389	0.76942
2.7751	0.88004	3.1068e-16	0.40451	0.88004
2.8274	0.76942	2.9113e-16	0.47553	0.76942
2.8798	0.5	2.6927e-16	0.5	0.5
2.9322	0.18164	2.4576e-16	0.47553	0.18164
2.9845	-0.07102	2.2125e-16	0.40451	-0.07102
3.0369	-0.18164	1.9643e-16	0.29389	-0.18164
3.0892	-0.13938	1.7194e-16	0.15451	-0.13938
3.1416	-3.6739e-16	1.484e-16	7.7411e-16	-9.9257e-16
3.194	0.13938	1.2637e-16	-0.15451	0.13938
3.2463	0.18164	1.0633e-16	-0.29389	0.18164
3.2987	0.07102	8.8689e-17	-0.40451	0.07102
3.351	-0.18164	7.3757e-17	-0.47553	-0.18164
3.4034	-0.5	6.1729e-17	-0.5	-0.5
3.4558	-0.76942	5.2691e-17	-0.47553	-0.76942
3.5081	-0.88004	4.6612e-17	-0.40451	-0.88004
3.5605	-0.76942	4.3343e-17	-0.29389	-0.76942
3.6128	-0.4484	4.2623e-17	-0.15451	-0.4484
3.6652	4.9048e-16	4.4082e-17	-6.5133e-16	-1.9836e-15
3.7176	0.4484	4.7254e-17	0.15451	0.4484
3.7699	0.76942	5.1585e-17	0.29389	0.76942
3.8223	0.88004	5.6454e-17	0.40451	0.88004
3.8746	0.76942	6.1183e-17	0.47553	0.76942
3.927	0.5	6.506e-17	0.5	0.5
3.9794	0.18164	6.7358e-17	0.47553	0.18164
4.0317	-0.07102	6.7355e-17	0.40451	-0.07102
4.0841	-0.18164	6.4358e-17	0.29389	-0.18164
4.1364	-0.13938	5.7717e-17	0.15451	-0.13938
4.1888	-4.8986e-16	4.6853e-17	8.8818e-16	-1.9244e-16
4.2412	0.13938	3.127e-17	-0.15451	0.13938
4.2935	0.18164	1.0575e-17	-0.29389	0.18164
4.3459	0.07102	-1.551e-17	-0.40451	0.07102
4.3982	-0.18164	-4.7134e-17	-0.47553	-0.18164
4.4506	-0.5	-8.4309e-17	-0.5	-0.5
4.5029	-0.76942	-1.2691e-16	-0.47553	-0.76942
4.5553	-0.88004	-1.7466e-16	-0.40451	-0.88004
4.6077	-0.76942	-2.2714e-16	-0.29389	-0.76942
4.66	-0.4484	-2.8382e-16	-0.15451	-0.4484
4.7124	-3.4296e-15	-3.44e-16	-1.4694e-15	-3.6246e-15
4.7647	0.4484	-4.0689e-16	0.15451	0.4484
4.8171	0.76942	-4.7161e-16	0.29389	0.76942
4.8695	0.88004	-5.3716e-16	0.40451	0.88004
4.9218	0.76942	-6.0251e-16	0.47553	0.76942
4.9742	0.5	-6.6658e-16	0.5	0.5
5.0265	0.18164	-7.2826e-16	0.47553	0.18164
5.0789	-0.07102	-7.8645e-16	0.40451	-0.07102
5.1313	-0.18164	-8.401e-16	0.29389	-0.18164
5.1836	-0.13938	-8.882e-16	0.15451	-0.13938
5.236	-2.3887e-15	-9.298e-16	4.4409e-16	-1.954e-15
5.2883	0.13938	-9.6407e-16	-0.15451	0.13938
5.3407	0.18164	-9.903e-16	-0.29389	0.18164
5.3931	0.07102	-1.0079e-15	-0.40451	0.07102
5.4454	-0.18164	-1.0165e-15	-0.47553	-0.18164
5.4978	-0.5	-1.0157e-15	-0.5	-0.5
5.5501	-0.76942	-1.0055e-15	-0.47553	-0.76942
5.6025	-0.88004	-9.8593e-16	-0.40451	-0.88004
5.6549	-0.76942	-9.5726e-16	-0.29389	-0.76942
5.7072	-0.4484	-9.1989e-16	-0.15451	-0.4484
5.7596	-7.3497e-15	-8.744e-16	-2.2797e-15	-5.4475e-15
5.8119	0.4484	-8.2151e-16	0.15451	0.4484
5.8643	0.76942	-7.6209e-16	0.29389	0.76942
5.9167	0.88004	-6.971e-16	0.40451	0.88004
5.969	0.76942	-6.2763e-16	0.47553	0.76942
6.0214	0.5	-5.5483e-16	0.5	0.5
6.0737	0.18164	-4.799e-16	0.47553	0.18164
6.1261	-0.07102	-4.0408e-16	0.40451	-0.07102
6.1785	-0.18164	-3.2859e-16	0.29389	-0.18164
6.2308	-0.13938	-2.5465e-16	0.15451	-0.13938
